
3 0
0 0 0
3 3 3 0
10 1
13 1
10 4
13 4
1 1
4 1
1 4
4 4
1 10
4 10
1 13
4 13
Time: Feb 18 2026, 16:14:39
3 1
0 0 0
3 3 3 0
10 1
13 1
10 4
13 4
1 1
4 1
1 4
4 4
1 10
4 10
1 13
4 13
Time: Feb 18 2026, 16:14:42
3 1
0 0 0
3 3 3 0
10 1
13 1
10 4
13 4
6 1
4 1
1 4
4 4
1 10
4 10
1 13
4 13
Time: Feb 18 2026, 16:14:43
3 2
0 0 0
3 3 3 0
10 1
13 1
10 4
13 4
6 4
4 1
1 4
4 4
1 10
4 10
1 13
4 13
Time: Feb 18 2026, 16:14:45
3 0
0 0 0
3 3 3 0
10 1
13 1
10 4
13 4
6 4
4 1
1 4
4 4
1 10
4 10
1 13
4 13
Time: Feb 18 2026, 16:14:46
3 1
0 0 0
3 3 3 0
10 1
13 1
10 4
13 4
6 4
4 1
1 4
4 4
1 10
4 10
1 13
4 13
Time: Feb 18 2026, 16:14:47
3 1
0 0 0
3 3 3 0
10 1
13 1
10 4
13 4
6 4
6 1
1 4
4 4
1 10
4 10
1 13
4 13
Time: Feb 18 2026, 16:14:49
3 2
0 0 0
3 3 3 0
10 1
13 1
10 4
13 4
2 6
6 1
1 4
4 4
1 10
4 10
1 13
4 13
Time: Feb 18 2026, 16:14:53