
4 0
0 0 0 0
4 4 4 4 0
10 1
1 1
1 10
10 10
13 1
4 1
4 10
13 10
10 4
1 4
1 13
10 13
13 4
4 4
4 13
13 13
Time: Feb 18 2026, 16:13:48
4 1
0 0 0 0
4 4 4 4 0
10 1
1 1
1 10
10 10
13 1
4 1
4 10
13 10
10 4
1 4
1 13
10 13
13 4
4 4
4 13
13 13
Time: Feb 18 2026, 16:13:51
4 2
0 0 0 0
4 4 4 4 0
10 1
1 1
1 10
10 10
13 1
4 1
4 10
13 10
10 4
1 4
1 13
10 13
13 4
4 4
4 13
13 13
Time: Feb 18 2026, 16:13:52
4 3
0 0 0 0
4 4 4 4 0
10 1
1 1
1 10
10 10
13 1
4 1
4 10
13 10
10 4
1 4
1 13
10 13
13 4
4 4
4 13
13 13
Time: Feb 18 2026, 16:13:54
4 0
0 0 0 0
4 4 4 4 0
10 1
1 1
1 10
10 10
13 1
4 1
4 10
13 10
10 4
1 4
1 13
10 13
13 4
4 4
4 13
13 13
Time: Feb 18 2026, 16:13:56
4 1
0 0 0 0
4 4 4 4 0
10 1
1 1
1 10
10 10
13 1
4 1
4 10
13 10
10 4
1 4
1 13
10 13
13 4
4 4
4 13
13 13
Time: Feb 18 2026, 16:13:57
4 2
0 0 0 0
4 4 4 4 0
10 1
1 1
1 10
10 10
13 1
4 1
4 10
13 10
10 4
1 4
1 13
10 13
13 4
4 4
4 13
13 13
Time: Feb 18 2026, 16:13:58
4 3
0 0 0 0
4 4 4 4 0
10 1
1 1
1 10
10 10
13 1
4 1
4 10
13 10
10 4
1 4
1 13
10 13
13 4
4 4
4 13
13 13
Time: Feb 18 2026, 16:14:00
4 3
0 0 0 0
4 4 4 4 0
10 1
1 1
1 10
10 10
13 1
4 1
4 10
13 10
10 4
1 4
1 13
10 13
13 6
4 4
4 13
13 13
Time: Feb 18 2026, 16:14:04
4 0
0 0 0 0
4 4 4 4 0
10 1
1 1
1 10
10 10
13 1
4 1
4 10
13 10
10 4
1 4
1 13
10 13
11 6
4 4
4 13
13 13
Time: Feb 18 2026, 16:14:07
4 1
0 0 0 0
4 4 4 4 0
10 1
1 1
1 10
10 10
13 1
4 1
4 10
13 10
10 4
1 4
1 13
10 13
11 6
4 4
4 13
13 13
Time: Feb 18 2026, 16:14:09
4 2
0 0 0 0
4 4 4 4 0
10 1
1 1
1 10
10 10
13 1
4 1
4 10
13 10
10 4
1 4
1 13
10 13
11 6
4 4
4 13
13 13
Time: Feb 18 2026, 16:14:10
4 3
0 0 0 0
4 4 4 4 0
10 1
1 1
1 10
10 10
13 1
4 1
4 10
13 10
10 4
1 4
1 13
10 13
11 6
4 4
4 13
13 13
Time: Feb 18 2026, 16:14:11
4 0
0 0 0 0
4 4 4 4 0
10 1
1 1
1 10
10 10
13 1
4 1
4 10
13 10
10 4
1 4
1 13
10 13
8 4
4 4
4 13
13 13
Time: Feb 18 2026, 16:14:14
4 0
0 0 0 0
4 4 4 4 0
10 1
6 1
1 10
10 10
13 1
4 1
4 10
13 10
10 4
1 4
1 13
10 13
8 4
4 4
4 13
13 13
Time: Feb 18 2026, 16:14:17
4 1
0 0 0 0
4 4 4 4 0
10 1
5 6
1 10
10 10
13 1
4 1
4 10
13 10
10 4
1 4
1 13
10 13
8 4
4 4
4 13
13 13
Time: Feb 18 2026, 16:14:20
4 2
0 0 0 0
4 4 4 4 0
10 1
5 6
1 10
10 10
13 1
4 1
4 10
13 10
10 4
1 4
1 13
10 13
8 4
4 4
4 13
13 13
Time: Feb 18 2026, 16:14:21
4 3
0 0 0 0
4 4 4 4 0
10 1
5 6
1 10
10 10
13 1
4 1
4 10
13 10
10 4
1 4
1 13
10 13
8 4
4 4
4 13
13 13
Time: Feb 18 2026, 16:14:22
4 0
0 0 0 0
4 4 4 4 0
10 1
5 6
1 10
10 10
13 1
4 1
4 10
13 10
10 4
1 4
1 13
10 13
8 3
4 4
4 13
13 13
Time: Feb 18 2026, 16:14:24
4 1
0 0 0 0
4 4 4 4 0
10 1
1 6
1 10
10 10
13 1
4 1
4 10
13 10
10 4
1 4
1 13
10 13
8 3
4 4
4 13
13 13
Time: Feb 18 2026, 16:14:26
4 2
0 0 0 0
4 4 4 4 0
10 1
1 6
1 10
10 10
13 1
4 1
4 10
13 10
10 4
1 4
1 13
10 13
8 3
4 4
4 13
13 13
Time: Feb 18 2026, 16:14:27
4 3
0 0 0 0
4 4 4 4 0
10 1
1 6
1 10
10 10
13 1
4 1
4 10
13 10
10 4
1 4
1 13
10 13
8 3
4 4
4 13
13 13
Time: Feb 18 2026, 16:14:29